1 2 1075380945
1 3 1075380945
1 3 1086463156
1 3 1103625863
1 3 1119698886
2 3 1143983022
1 4 1075380945
1 4 1086463153
1 4 1103625861
1 4 1119698886
2 4 1143983010
1 5 1075380945
1 5 1086463157
1 5 1103625863
1 5 1119698886
1 5 1140919834
2 5 1143976311
2 5 1144047705
1 6 1075380945
1 6 1086463158
1 6 1103625864
1 6 1119698886
1 6 1140919834
1 6 1143528508
2 6 1143983035
3 6 1327094382
1 7 1075380945
1 7 1086463166
1 7 1103625871
1 7 1119698887
1 7 1119837486
1 7 1122635821
1 7 1124495021
1 7 1125914512
1 7 1131578530
1 7 1133300409
1 7 1133491831
1 7 1133497339
2 7 1143983048
1 8 1075380945
1 8 1086463166
1 8 1103625871
1 8 1119698887
1 8 1119837486
2 8 1143983061
1 9 1075380945
1 9 1086463097
1 9 1103625835
1 9 1119698885
2 9 1143983095
1 10 1075380945
1 10 1086463093
1 10 1103625833
1 10 1119698885
1 10 1122635816
2 10 1143983235
2 10 1143983368
1 11 1077421596
1 12 1086463090
1 13 1086463090
1 14 1086463090
1 15 1086463090
1 16 1086463090
1 17 1086463090
1 18 1086463090
1 19 1086463090
1 20 1086463090
1 21 1086463090
1 22 1086463090
1 23 1086463090
1 24 1086463090
1 25 1086463090
1 26 1086463090
1 27 1086463090
1 28 1086463090
1 29 1086463090
1 30 1086463090
1 31 1086463090
1 32 1086463090
1 33 1086463090
1 34 1086463090
1 35 1086463090
1 36 1086463090
1 37 1086463090
1 38 1086463090
1 39 1086463090
1 40 1086463090
1 41 1086463090
1 42 1086463090
1 43 1086463090
1 44 1086463090
1 45 1086463090
1 46 1086463090
1 47 1086463090
1 47 1103625856
1 47 1119698886
2 47 1143982996
1 48 1086463090
1 49 1086463090
1 50 1086463090
1 51 1086463090
1 52 1086463090
1 53 1086463090
1 54 1086463090
1 55 1086463090
1 56 1086463090
1 57 1086463090
1 58 1086463090
1 59 1086463090
1 60 1086463090
1 61 1086463090
1 62 1086463090
1 63 1086463090
1 64 1086463090
1 65 1086463090
1 66 1086463090
1 67 1086463090
1 68 1086463090
1 69 1086463090
1 70 1086463090
1 71 1086463090
1 72 1086463090
1 73 1086463090
1 74 1086463090
1 75 1086463090
1 76 1086463090
1 77 1086463090
1 78 1086463090
1 79 1086463090
1 80 1086463090
1 81 1086463090
1 82 1086463090
1 83 1086463090
1 84 1086463090
1 85 1086463090
1 86 1086463090
1 87 1086463169
1 88 1103625831
1 88 1119698885
2 88 1143983113
1 89 1103625831
1 89 1119698885
2 89 1143982983
4 90 1114173585
4 90 1114188335
5 90 1429232979
6 91 1134692589
6 91 1138300830
7 91 1176330301
8 91 1412720260
9 91 1448313787
10 91 1487149363
11 92 1140656723
2 92 1143976185
2 92 1143998371
12 92 1170404962
12 92 1170405293
12 92 1170417098
7 92 1176330420
7 92 1176330554
7 92 1176330571
13 92 1198373105
14 92 1459520306
15 93 1135905798
15 94 1135905926
2 95 1136452664
16 95 1405223830
17 95 1442653468
2 96 1136452883
18 97 1137765755
2 98 1143976185
19 98 1312034008
2 99 1143979604
2 99 1143979676
2 100 1143979769
2 101 1143979932
2 102 1143980038
2 103 1143980144
9 103 1349090814
9 103 1349091974
9 103 1349094926
20 103 1359106760
9 103 1363953404
20 103 1364742315
9 103 1366970411
21 103 1368990236
9 103 1389207404
9 103 1407928099
9 103 1410807206
9 103 1418901785
9 103 1425143423
9 103 1432567365
9 103 1442319704
9 103 1499069611
2 104 1143980259
7 104 1176330975
9 104 1349090217
9 104 1432567086
9 104 1499069630
2 105 1143980362
9 105 1432579068
9 105 1499069612
2 106 1143980495
2 106 1143981301
9 106 1424245025
9 106 1499069613
2 107 1143980906
2 108 1143981173
2 109 1143981590
2 110 1143981904
2 111 1143982002
2 112 1143982059
2 113 1143982109
2 114 1143982158
2 115 1143982205
2 116 1143982315
2 117 1143982372
2 118 1143982464
2 119 1143982496
2 120 1144007168
2 120 1144007232
2 121 1144007175
2 121 1144007221
2 122 1144140502
7 123 1176333343
22 123 1210802327
23 123 1215627607
23 123 1217709094
23 123 1218706979
23 123 1220446619
20 123 1227105578
23 123 1228334101
24 123 1235172046
24 123 1242016507
24 123 1246476379
24 123 1249097993
24 123 1256172475
24 123 1259538832
24 123 1266533213
24 123 1268974121
24 123 1269305806
24 123 1272303582
24 123 1280666190
25 123 1293358398
20 123 1304881563
9 123 1308039663
9 123 1313573731
26 123 1320371136
27 123 1322857208
27 123 1324223467
26 123 1328275243
26 123 1331453719
9 123 1340949697
9 123 1343287586
25 123 1390829777
9 123 1406315970
9 123 1423937366
28 123 1424178496
9 123 1427406041
9 123 1429410053
29 123 1434883178
9 123 1438858723
29 123 1440072857
30 123 1440315163
29 123 1462236231
31 123 1468006703
31 123 1473043697
31 123 1473459476
31 123 1474375575
9 123 1493060807
9 124 1418717625
9 124 1419352105
9 124 1419545139
9 124 1419679602
9 124 1419805805
9 124 1420219878
9 124 1421702985
9 124 1422015634
28 124 1424178464
9 124 1424200558
9 124 1424282699
9 124 1424773239
9 124 1425333302
9 124 1427892724
9 124 1431942759
9 124 1439903484
9 124 1466596642
9 124 1476104123
9 124 1477042535
9 124 1499069629
32 125 1151850899
33 125 1277174403
33 125 1277175908
34 126 1162212575
33 126 1225272915
35 127 1162392802
12 128 1170404011
12 128 1170404109
12 128 1170404400
12 128 1170404569
12 129 1170405055
12 129 1170405100
12 129 1170416777
20 129 1221251207
24 129 1253737576
24 129 1262643242
25 129 1386599919
9 129 1430990535
31 129 1468006554
9 129 1493060824
12 130 1170405137
12 130 1170416734
7 130 1176334221
20 130 1221251177
24 130 1265911889
9 130 1493060824
12 131 1170405176
12 131 1170416865
7 131 1176332432
7 131 1176332454
7 131 1176333539
7 131 1176333552
7 131 1176333567
20 131 1221251126
20 131 1231195772
24 131 1234464123
24 131 1262643281
24 131 1263752025
24 131 1265307416
24 131 1271026520
24 131 1285331511
26 131 1319031060
29 131 1336325123
25 131 1336460923
9 131 1343077824
29 131 1344708219
29 131 1352028640
9 131 1427029167
9 131 1458179077
31 131 1468006510
9 131 1493060827
12 132 1170405218
12 132 1170416881
24 132 1264798198
28 132 1424178620
9 132 1493060846
12 133 1170405352
12 133 1170405475
12 133 1170416704
7 133 1176333510
24 133 1265210424
25 133 1307052670
9 133 1493060833
12 134 1170405397
12 134 1170405446
12 134 1170416683
7 134 1176333958
25 134 1292629941
9 134 1493060823
12 135 1170405577
12 135 1170416907
7 135 1176334124
24 135 1266618360
9 135 1493060857
12 136 1170930566
22 136 1210834305
23 136 1216109527
23 136 1226171953
24 136 1237730574
24 136 1249098588
24 136 1255053315
24 136 1255720196
24 136 1262456815
24 136 1265977181
24 136 1269809186
24 136 1279449256
25 136 1295841245
27 136 1302801973
9 136 1308039505
26 136 1319001011
26 136 1320369869
26 136 1330432651
36 136 1334501595
29 136 1340133613
29 136 1347694919
29 136 1350726931
29 136 1356184570
29 136 1357475907
21 136 1369855212
21 136 1369932621
29 136 1376246925
9 136 1384262207
9 136 1393622863
9 136 1430250852
29 136 1439625895
29 136 1439701921
9 136 1464308528
31 136 1468007052
31 136 1472984388
31 136 1474375224
37 136 1486931493
9 136 1493060849
12 137 1170930609
22 137 1210962946
23 137 1216088329
23 137 1225387812
24 137 1239276432
24 137 1242232518
24 137 1242612070
24 137 1246003234
24 137 1252481984
24 137 1255736445
24 137 1256226601
23 137 1262442443
24 137 1264216705
24 137 1282322235
24 137 1287131344
26 137 1320370558
26 137 1324312877
25 137 1324523506
25 137 1325386327
9 137 1331539506
29 137 1342080881
9 137 1343077910
29 137 1344143965
29 137 1350256625
9 137 1383731918
25 137 1386529526
30 137 1395644721
9 137 1410474566
9 137 1425131570
9 137 1463485253
9 137 1466059256
31 137 1468006599
31 137 1473006573
31 137 1475106650
9 137 1493060820
12 138 1170930641
23 138 1216577786
20 138 1227173045
24 138 1234827745
24 138 1255049645
24 138 1255719632
24 138 1261891062
24 138 1269616194
24 138 1269808977
24 138 1279450033
24 138 1287671304
25 138 1292629939
9 138 1317983810
26 138 1320280961
25 138 1334984793
29 138 1340257659
29 138 1346438193
29 138 1347640480
9 138 1347956342
29 138 1352034135
29 138 1357714726
29 138 1362034309
21 138 1368921486
29 138 1376428724
9 138 1384263350
9 138 1393622997
9 138 1408776333
9 138 1429734598
29 138 1435079176
29 138 1438478844
9 138 1463882284
31 138 1468006522
31 138 1473188819
31 138 1474375834
9 138 1493060825
12 139 1170930674
22 139 1210974627
22 139 1211611088
23 139 1215511333
23 139 1217311792
20 139 1221250387
20 139 1227552583
24 139 1243124150
24 139 1269615568
24 139 1271978547
24 139 1277642054
24 139 1281567892
9 139 1306156114
26 139 1319259844
26 139 1320370137
29 139 1347107607
29 139 1362101702
29 139 1377170763
25 139 1390324722
30 139 1402227161
9 139 1430060573
29 139 1439746963
30 139 1440691809
9 139 1445770340
9 139 1446813861
9 139 1464175138
31 139 1468007204
31 139 1476550738
37 139 1488262821
9 139 1493060836
12 140 1170930705
22 140 1210701555
23 140 1225805655
24 140 1235060427
24 140 1239971600
24 140 1246013991
24 140 1251145118
24 140 1261890726
24 140 1269796380
24 140 1279135490
24 140 1279449377
24 140 1287163991
25 140 1292613785
27 140 1313749800
26 140 1320370873
26 140 1328106618
26 140 1329393238
29 140 1336785254
29 140 1356754270
9 140 1359666492
29 140 1360598384
29 140 1376356416
29 140 1377001066
9 140 1383054295
30 140 1395577808
9 140 1406802014
29 140 1418945348
9 140 1424122169
29 140 1430019470
29 140 1435595624
29 140 1438697165
29 140 1440184749
29 140 1444102375
29 140 1467892904
31 140 1468006609
9 140 1472016486
31 140 1473044344
31 140 1474376118
9 140 1493060820
12 141 1170930755
22 141 1211636249
24 141 1280761676
24 141 1282055339
26 141 1319367648
26 141 1320369572
27 141 1322521194
26 141 1323299668
25 141 1325710678
26 141 1329751356
26 141 1331803806
29 141 1338848548
26 141 1340831996
29 141 1350585846
9 141 1383762202
25 141 1386630859
9 141 1409533409
9 141 1430436753
29 141 1437596369
9 141 1438197423
29 141 1441343905
29 141 1449361210
9 141 1464762736
29 141 1467492176
37 141 1483685604
9 141 1493060853
12 142 1170930792
23 142 1216122587
23 142 1220995576
24 142 1235428520
24 142 1243210149
24 142 1245109967
24 142 1248080889
24 142 1248304431
24 142 1263213610
24 142 1269568774
24 142 1271179747
24 142 1283322788
24 142 1284075344
24 142 1287210917
9 142 1308039607
9 142 1317708785
26 142 1320370377
25 142 1334982674
26 142 1340366709
9 142 1353580074
29 142 1375425662
25 142 1386596745
9 142 1410399568
9 142 1430990565
29 142 1438292261
9 142 1439538784
29 142 1439738479
29 142 1450747286
9 142 1457469361
9 142 1463641870
9 142 1472071086
31 142 1477010596
9 142 1493060823
12 143 1170930854
22 143 1211783717
23 143 1217084767
23 143 1221151747
23 143 1227048375
24 143 1235212446
24 143 1242687987
24 143 1249547141
25 143 1307094832
9 143 1316086321
26 143 1319167360
26 143 1324403447
26 143 1327562602
29 143 1344645108
29 143 1350547184
29 143 1353963355
29 143 1365436070
9 143 1383829689
9 143 1407792334
9 143 1425590511
29 143 1452179997
9 143 1463515947
31 143 1469932586
9 143 1493060821
12 144 1170930888
23 144 1215517270
23 144 1218896227
20 144 1221250841
23 144 1228921536
24 144 1241998389
24 144 1242644210
24 144 1251472897
24 144 1251594147
24 144 1269466635
24 144 1273940846
24 144 1278836532
24 144 1279900034
24 144 1284151425
25 144 1296430326
25 144 1304117008
9 144 1318997755
26 144 1323257812
36 144 1334596502
29 144 1336343139
29 144 1341999208
38 144 1343611707
29 144 1344714298
29 144 1363537292
29 144 1363843281
29 144 1376138849
9 144 1408873638
29 144 1419869529
29 144 1440755224
9 144 1463966719
37 144 1479342805
37 144 1482504925
37 144 1491609075
9 144 1493060831
7 145 1176329637
7 146 1176329758
7 146 1176329769
7 147 1176330773
9 147 1424245017
9 147 1499069634
7 148 1176330892
9 148 1349091090
9 148 1349098965
20 148 1359122195
9 148 1364210573
20 148 1364742245
9 148 1366960457
39 148 1368995466
9 148 1407846931
9 148 1415103075
9 148 1417517384
9 148 1421053886
9 148 1421446960
9 148 1422860885
28 148 1424181780
7 149 1176330989
9 149 1349091206
20 149 1359112628
20 149 1364742254
9 149 1366964754
9 149 1366970019
9 149 1407933146
9 149 1418902067
9 149 1424200556
9 149 1427105350
9 149 1427912612
9 149 1430985076
9 149 1432567348
9 149 1438693713
9 149 1441963260
9 149 1442498581
9 149 1446534988
9 149 1466596498
9 149 1470307052
9 149 1471263956
9 149 1477476280
9 149 1486994704
9 149 1499069633
7 150 1176331337
9 150 1349091294
9 150 1366960855
9 150 1424199550
9 150 1426071004
9 150 1429177961
9 150 1432567342
9 150 1448617222
9 150 1466596813
9 150 1467230079
9 150 1470732632
9 150 1478772704
9 150 1499069610
7 151 1176332117
7 152 1176332161
7 153 1176332207
7 154 1176332270
7 155 1176332331
7 156 1176332636
7 156 1176332922
7 156 1176333219
7 156 1176333480
7 157 1176333194
7 157 1176333429
7 157 1176333466
7 158 1176333811
7 159 1176333855
23 159 1215436909
20 159 1221250597
24 159 1235025097
24 159 1237658569
24 159 1246915641
24 159 1272303450
24 159 1273755142
24 159 1276103283
24 159 1282924552
24 159 1283694638
27 159 1303055497
27 159 1308473529
27 159 1313753279
9 159 1320221752
25 159 1325507262
26 159 1330357265
9 159 1333012564
9 159 1345230975
29 159 1347236301
36 159 1348003460
29 159 1368572660
9 159 1408995476
9 159 1429925169
29 159 1446790701
9 159 1447437926
9 159 1453828713
9 159 1464045932
9 159 1466078480
31 159 1469933076
31 159 1475121604
9 159 1493060833
7 160 1177240564
7 160 1177241025
9 160 1349091102
9 160 1349093355
9 160 1349094112
20 160 1359122983
9 160 1417593116
9 160 1418822702
9 160 1419609338
28 160 1424181871
9 160 1424199074
9 160 1424268102
9 160 1424768875
9 160 1425384548
9 160 1425670550
9 160 1425996326
9 160 1426165555
9 160 1428417193
9 160 1429169200
9 160 1431685270
9 160 1432567338
9 160 1433534379
9 160 1433538267
9 160 1439467027
9 160 1442220716
9 160 1444037232
9 160 1446151213
9 160 1450211758
9 160 1472640845
9 160 1481696268
9 160 1499069608
40 161 1188374040
41 162 1192304381
41 162 1192304403
42 163 1195029692
42 163 1217593892
41 164 1195789984
40 165 1196759295
43 166 1198288053
21 166 1356415893
13 167 1198372887
13 168 1198372894
13 169 1198373105
44 170 1200958079
45 171 1204596023
45 172 1204596029
42 173 1205441081
42 173 1205443283
46 174 1206546458
47 174 1314729055
48 174 1338935837
46 175 1206547375
48 175 1206612759
47 175 1314729055
48 175 1338935835
48 175 1338936951
48 176 1206581744
49 176 1218629745
19 176 1314828197
48 177 1206581750
49 177 1218629745
48 177 1338916964
48 177 1338918067
48 178 1206581752
49 178 1218629745
50 179 1206613049
51 180 1210701514
52 181 1212216989
53 182 1213748599
53 182 1213816374
53 182 1261738289
53 182 1293373311
53 182 1336428119
53 182 1372518882
53 183 1214158019
54 184 1215383629
54 185 1215383691
54 186 1215383708
54 187 1215383843
55 187 1292598589
56 187 1293709952
33 187 1298334987
33 187 1298335051
33 187 1298336158
33 187 1298336209
33 187 1298336231
57 187 1415986578
9 187 1448309798
9 187 1472205433
49 188 1218629745
49 189 1218629745
49 190 1218629745
19 190 1312034020
19 190 1314828207
20 191 1221037295
20 192 1221037355
58 193 1223028351
33 194 1225176754
33 195 1225350778
59 196 1225381201
59 197 1225384074
59 198 1225391496
59 199 1225391869
59 199 1226323857
33 200 1225417026
33 201 1225438060
59 202 1225444766
59 203 1225445187
59 204 1225466303
59 204 1225577748
59 204 1225593211
59 204 1225603827
59 204 1225663254
59 204 1225686283
59 204 1225736899
59 204 1225780097
59 204 1225845155
59 204 1225867332
59 204 1226019211
59 204 1226384795
59 204 1226505401
59 204 1227109814
59 204 1227883518
59 204 1229419786
59 204 1230238738
59 204 1230245237
59 204 1230773819
59 204 1231595196
59 204 1232074559
59 204 1232479310
59 204 1232486842
59 204 1233062341
59 204 1233104606
59 204 1233129667
59 204 1233216225
59 204 1233560454
59 204 1234457143
59 204 1234956484
59 204 1235332004
59 204 1235500985
59 204 1236131742
59 204 1237343444
59 204 1238050966
59 204 1238077358
59 204 1238723570
59 204 1240467168
33 205 1225533482
33 206 1225588268
33 207 1225684676
33 208 1225775624
33 209 1225864989
59 210 1225936897
59 211 1225947926
59 212 1225966875
59 212 1226314771
59 213 1226244188
60 214 1226497661
33 215 1226548544
33 216 1227256940
33 217 1227888037
33 218 1234153772
24 219 1234464119
24 219 1236894811
24 219 1248993445
26 219 1322963440
33 220 1234569183
33 221 1235278311
33 222 1235282145
59 223 1237307225
33 224 1237618887
33 225 1239509633
33 226 1239581479
33 227 1239585900
33 228 1240010937
33 229 1240018889
33 230 1240086822
33 231 1240090870
61 232 1242923830
62 233 1246040107
47 233 1274372132
9 233 1334816258
9 233 1345407905
63 233 1444906217
62 234 1246040114
64 234 1284204449
62 235 1246040120
64 235 1284204458
65 236 1248115879
33 237 1251841668
33 238 1252738432
33 239 1252747052
33 240 1252818570
66 241 1256688190
67 242 1256853997
68 243 1259169555
69 244 1260073678
33 245 1264238612
33 246 1264293132
33 247 1264390592
50 248 1264403365
33 249 1264468707
33 250 1264474408
33 251 1264553272
33 252 1264722622
33 253 1264733372
33 254 1264920128
33 255 1264922656
33 256 1264924287
33 257 1266707487
33 257 1379474513
33 258 1266718496
70 259 1268602037
71 260 1270105706
72 261 1270217055
72 261 1379266444
72 262 1270404802
72 262 1379266441
72 263 1270565028
72 263 1379266446
73 264 1270720128
33 265 1271128047
47 266 1274372272
47 266 1316860296
47 267 1274372413
74 268 1276236485
33 269 1276993235
33 270 1277067113
33 271 1277159849
33 272 1277168851
33 273 1277179763
33 274 1277181221
33 275 1277248235
33 276 1277579845
33 276 1289088359
75 276 1308763810
75 276 1309107298
75 276 1322678745
75 276 1356646501
75 276 1356697359
76 277 1289939831
25 277 1292629945
9 277 1493060815
33 278 1280796735
33 279 1280800677
25 280 1292629947
9 280 1493060815
77 281 1280960891
77 281 1281006814
77 282 1281097878
33 283 1281150310
33 284 1281154203
33 285 1281155764
33 286 1281159162
77 287 1281183528
33 287 1289146307
75 287 1308800520
75 287 1309111052
75 287 1356646499
33 288 1281233551
33 289 1281235296
77 290 1281259116
78 291 1281988547
78 292 1281988558
79 293 1282088432
80 293 1422983239
79 294 1282088443
80 294 1422983240
33 295 1283021512
33 296 1283394164
81 296 1395596354
82 297 1283396383
82 297 1284617893
83 297 1408317673
82 298 1283413123
84 299 1285022286
82 300 1285795639
82 301 1287791464
33 302 1289160957
33 303 1289173859
76 304 1289939382
76 304 1289939435
76 304 1289939458
76 304 1289939522
27 304 1306528983
25 304 1328308550
9 304 1430992085
31 304 1468007262
9 304 1493060862
76 305 1289939409
76 306 1289939815
9 306 1493060861
76 307 1289939943
21 307 1305130344
9 307 1493060860
82 308 1289956161
82 308 1291480738
82 308 1295309585
3 308 1327094383
85 308 1337665686
85 308 1342549558
85 308 1349132104
85 308 1360201370
86 309 1290880495
86 309 1290881753
86 309 1291152666
86 309 1296210462
86 309 1296213580
86 309 1296489624
21 309 1301002052
25 310 1292597540
25 310 1293723417
78 311 1293736305
87 312 1294092515
27 313 1296205560
33 314 1296443452
33 314 1333239099
88 314 1390294010
89 315 1296560817
89 315 1388776891
33 316 1296618050
90 317 1296650362
33 318 1296784895
91 319 1298104363
91 319 1331646703
91 319 1401158206
91 319 1423193289
33 320 1298334987
33 321 1298335089
33 321 1329614457
33 322 1298436381
47 323 1300221155
33 324 1301870671
21 325 1305135730
20 325 1346938447
9 325 1430992099
9 325 1493060861
25 326 1304207956
9 326 1312205929
26 326 1318957176
26 326 1320746937
27 326 1325435266
26 326 1330452639
26 326 1337903860
25 326 1340473148
9 326 1343289150
26 326 1346128661
9 326 1405708904
9 326 1410639254
9 326 1423681872
28 326 1424178875
9 326 1427386521
29 326 1435416593
29 326 1440005131
9 326 1441418236
29 326 1462183695
9 326 1466532049
31 326 1473442492
31 326 1474378007
9 326 1493060802
21 327 1305135945
26 327 1331363508
26 327 1337903519
21 327 1369130968
25 327 1386461977
9 327 1410639201
28 327 1424178916
9 327 1430990763
31 327 1492056965
9 327 1493060802
25 328 1304213559
9 328 1313588140
27 328 1326162467
26 328 1331470868
9 328 1343286966
9 328 1406393326
9 328 1410851905
9 328 1423943227
29 328 1440078895
29 328 1462240730
29 328 1467828332
31 328 1468006682
31 328 1478156106
9 328 1493060808
21 329 1305137048
25 329 1308782107
26 329 1318957437
26 329 1321738768
25 329 1330633343
30 329 1354361906
38 329 1357307557
9 329 1368455189
9 329 1406393358
31 329 1468006693
31 329 1473461308
31 329 1475549590
31 329 1492057128
9 329 1493060807
33 330 1302978878
78 330 1331480440
33 331 1302983269
33 332 1302995116
33 333 1303351950
92 334 1305117213
21 334 1305136554
21 334 1314299825
21 334 1317455319
21 334 1323107059
21 334 1327388671
21 334 1327500978
21 334 1327508711
21 334 1328963523
21 334 1334077043
21 334 1368064027
21 334 1368956183
92 335 1305117268
21 335 1305137973
21 335 1314301517
21 335 1317751057
21 335 1323106126
21 335 1327387382
21 335 1327499032
21 335 1327506564
21 335 1334074332
21 335 1368062232
33 336 1305157791
33 336 1333912751
82 337 1306450004
82 338 1306522184
93 339 1306558666
93 339 1314548753
94 340 1307051764
94 340 1307051785
9 340 1430992103
31 340 1489588011
9 340 1493060860
95 341 1307398057
96 341 1332358658
75 342 1308810384
75 342 1308814677
75 343 1308814632
97 344 1309523168
75 345 1309540521
75 346 1309542614
33 347 1309571273
33 348 1309579836
33 349 1309583844
33 350 1309623852
33 351 1309632792
98 352 1313799883
99 353 1313857489
33 354 1314242852
33 354 1422213551
47 355 1314729055
47 356 1314729055
33 357 1315765298
33 358 1315768660
33 359 1315773175
96 360 1318460371
100 361 1318950314
100 362 1318950526
100 363 1318950618
33 364 1318984367
82 365 1319842714
82 365 1429212175
101 366 1319997756
102 366 1497570538
103 367 1320841688
103 368 1320841762
104 369 1321040266
104 370 1321204885
104 371 1321204886
104 371 1321205131
105 372 1321635518
105 372 1349214336
33 373 1321748313
33 374 1321763843
33 375 1321849160
33 376 1321920184
33 377 1321923809
33 377 1322093838
33 378 1321927992
33 378 1322095500
75 379 1322001070
9 379 1334815880
9 379 1345408143
33 380 1322097494
33 381 1322098718
33 382 1322099986
26 383 1322730653
27 383 1326163448
26 383 1331550529
9 383 1343285349
9 383 1424019292
29 383 1440116074
29 383 1452030243
29 383 1467850320
31 383 1468006635
31 383 1469932629
9 383 1493060813
26 384 1322728793
26 384 1324255819
26 384 1331548607
9 384 1343285649
9 384 1382012089
9 384 1424018084
29 384 1440114899
29 384 1462270408
29 384 1467849474
31 384 1468006647
31 384 1473471483
9 384 1493060813
9 385 1322656985
25 385 1325546795
27 385 1326568714
9 385 1333438197
29 385 1348497176
29 385 1367954189
29 385 1368672447
29 385 1370212710
29 385 1373462895
9 385 1413415486
30 385 1426799102
9 385 1430256401
30 385 1440216094
9 385 1443429066
9 385 1453851079
37 385 1486936263
9 385 1493060849
26 386 1322730279
26 386 1324258440
26 386 1326368868
9 386 1350560253
9 386 1406568167
30 386 1408864876
9 386 1412641458
9 386 1424019796
9 386 1429451677
31 386 1468006625
9 386 1493060814
26 387 1323795341
30 387 1348160707
26 387 1352567288
9 387 1357851021
9 387 1382009127
9 387 1406560652
9 387 1493060812
26 389 1323283566
25 389 1325541879
27 389 1326568798
9 389 1333435207
29 389 1348493109
29 389 1367943457
29 389 1373457956
9 389 1409229908
30 389 1426799602
9 389 1430243231
30 389 1440234689
29 389 1446887398
9 389 1458553683
37 389 1486923751
9 389 1493060848
27 392 1322751184
9 392 1332835052
29 392 1338508447
29 392 1349280376
29 392 1376501338
9 392 1408784503
9 392 1429739632
29 392 1446256654
9 392 1466622337
37 392 1487608892
9 392 1493060827
27 393 1322704415
26 393 1329456716
26 393 1330980748
9 393 1334233072
29 393 1358505199
9 393 1380707754
25 393 1390783023
9 393 1408212308
29 393 1429070951
29 393 1429868813
31 393 1485195786
37 393 1487449058
9 393 1493060859
27 394 1322718844
106 394 1353575229
106 394 1353575384
107 394 1364414895
9 394 1370374039
9 394 1381228155
9 394 1406144399
29 394 1446101581
9 394 1457002166
31 394 1468006752
9 394 1487410839
9 394 1493060805
9 395 1338450191
9 395 1430990617
31 395 1468006742
9 395 1493060805
27 396 1322679136
25 396 1324693673
26 396 1330623007
36 396 1332690237
29 396 1342564379
29 396 1359259026
9 396 1361564876
29 396 1361833848
29 396 1363412614
9 396 1410165204
29 396 1421155629
9 396 1429855030
9 396 1432280341
29 396 1434106431
37 396 1479802126
9 396 1493060858
27 397 1322751219
36 397 1331417675
36 397 1332541902
29 397 1341729638
29 397 1346037724
38 397 1346967252
29 397 1348670343
26 397 1353998310
25 397 1386514783
9 397 1408775705
9 397 1410638160
29 397 1438485093
29 397 1439740724
29 397 1440657506
9 397 1441998978
37 397 1484729523
9 397 1493060826
27 398 1322747938
26 398 1331908571
26 398 1333998519
38 398 1346414293
9 398 1350898128
30 398 1363814731
9 398 1382602823
30 398 1404624991
9 398 1410638378
29 398 1439727596
29 398 1440173295
9 398 1493060819
26 400 1322811545
27 400 1326325731
26 400 1331222918
9 400 1331794531
36 400 1333291311
36 400 1333526387
29 400 1342523338
9 400 1343307495
29 400 1354842577
29 400 1376767731
25 400 1386625531
9 400 1408810432
29 400 1419740560
9 400 1429758298
29 400 1439743232
29 400 1440695816
9 400 1458206043
9 400 1493060829
27 401 1322707476
25 401 1323781926
9 401 1331796457
29 401 1338947425
38 401 1346009180
9 401 1380746028
9 401 1408657649
29 401 1441560632
9 401 1443806065
9 401 1459652006
37 401 1471209910
31 401 1485490077
9 401 1493060860
26 402 1322693405
26 402 1326116160
26 402 1328140804
26 402 1329337026
26 402 1330451225
26 402 1333980562
9 402 1343130595
26 402 1346126643
20 402 1351069904
36 402 1377049013
25 402 1387502436
25 402 1390002231
30 402 1402311557
9 402 1405709042
9 402 1410637210
28 402 1424178978
9 402 1441418361
9 402 1493060801
36 403 1322838082
26 403 1332192033
9 403 1332769443
36 403 1333851672
9 403 1343292781
29 403 1355602188
9 403 1360184211
29 403 1376427574
25 403 1387321134
30 403 1402538582
9 403 1408776097
9 403 1427012492
29 403 1438852402
9 403 1457472170
9 403 1463883662
29 403 1464537706
9 403 1493060826
9 404 1322820497
27 404 1326480161
26 404 1332416612
29 404 1346826506
29 404 1376671034
25 404 1388235687
9 404 1409260722
9 404 1439310729
37 404 1472865240
37 404 1485233012
9 404 1493060851
26 405 1323203301
27 405 1326163417
26 405 1331550039
38 405 1346368848
26 405 1352591530
9 405 1382015577
25 405 1387763938
9 405 1410869160
9 405 1424019108
9 405 1429450826
9 405 1441514431
29 405 1450306346
29 405 1462271487
9 405 1493060814
26 406 1323279135
36 406 1330771577
36 406 1332578548
36 406 1336317228
29 406 1343074275
9 406 1343802444
29 406 1355197892
26 406 1360048125
29 406 1376147675
25 406 1386681345
25 406 1390353684
30 406 1402503189
9 406 1409189125
29 406 1420290855
9 406 1430207119
29 406 1439617304
9 406 1458513963
9 406 1493060843
27 407 1323254129
26 407 1327575973
36 407 1330876427
29 407 1339062075
29 407 1344122320
29 407 1348551823
9 407 1384515432
25 407 1386600396
30 407 1420012075
28 407 1424178681
29 407 1439734946
29 407 1440494295
9 407 1441690091
9 407 1462343934
31 407 1468006589
37 407 1484589377
9 407 1493060822
26 408 1323197572
26 408 1326347851
9 408 1350554059
9 408 1352816471
9 408 1382004720
9 408 1424013395
9 408 1493060811
26 409 1323222927
26 409 1330430190
36 409 1333937935
9 409 1343738116
29 409 1354656724
29 409 1376226302
25 409 1386865457
30 409 1395805039
9 409 1409228403
29 409 1420342046
29 409 1438774418
9 409 1458551803
9 409 1462985230
37 409 1478198252
9 409 1493060847
26 410 1324215745
26 410 1332404593
29 410 1339257297
38 410 1347270384
9 410 1348654216
29 410 1350494233
25 410 1387561137
9 410 1409219136
9 410 1413361157
9 410 1439312597
9 410 1456125417
9 410 1458545389
9 410 1472147980
37 410 1478190647
37 410 1485193184
9 410 1493060845
26 411 1323194567
26 411 1326353951
9 411 1340949642
9 411 1347298037
9 411 1350981649
26 411 1352563103
9 411 1382009270
9 411 1406559225
9 411 1410867020
29 411 1448034611
9 411 1450849169
29 411 1467847434
9 411 1493060811
25 412 1324807635
25 412 1331832037
29 412 1375100057
9 412 1493060845
9 413 1345618552
9 417 1334821522
26 419 1322817347
36 419 1330961140
26 419 1332231214
29 419 1338968065
29 419 1342396000
29 419 1343265847
29 419 1376060924
25 419 1386887100
9 419 1408832047
29 419 1419781750
29 419 1439742580
30 419 1440317234
9 419 1458224523
31 419 1476659509
31 419 1481078105
37 419 1482414665
9 419 1493060830
25 420 1330292041
25 420 1330407539
31 420 1468007143
31 420 1481012602
9 420 1493060842
26 421 1322815689
9 421 1331794452
29 421 1346334585
29 421 1376034557
30 421 1396058614
29 421 1439742923
30 421 1440316604
9 421 1458219062
37 421 1484793736
9 421 1493060829
26 422 1322706007
26 422 1329421008
25 422 1387502265
25 422 1388789313
30 422 1419704334
30 422 1422362797
9 422 1493060806
26 423 1322970428
25 423 1327183793
29 423 1350673218
29 423 1358963282
9 423 1411977560
9 423 1427551218
29 423 1441516442
37 423 1479798816
9 423 1493060857
26 424 1323556427
9 424 1430991791
31 424 1468007193
9 424 1493060837
9 425 1322747963
27 425 1326467061
26 425 1330102086
9 425 1333445143
29 425 1350499075
29 425 1351172586
29 425 1365683804
29 425 1376651022
25 425 1390590081
9 425 1427536244
9 425 1430991532
9 425 1493060851
25 426 1324912498
25 426 1331832025
9 426 1430991506
31 426 1468007032
9 426 1493060856
9 427 1322747872
27 427 1326467038
29 427 1346823622
29 427 1376653698
9 427 1411517465
9 427 1418503077
9 427 1427536107
29 427 1441063252
29 427 1451035248
9 427 1493060851
25 428 1324802391
25 428 1327685764
29 428 1347164099
25 428 1386625411
9 428 1430991694
31 428 1468007153
9 428 1493060840
26 429 1323591000
26 429 1329670440
20 429 1338641487
29 429 1347338960
29 429 1350476628
29 429 1351139089
29 429 1376520632
9 429 1411490514
9 429 1418503152
9 429 1430991596
30 429 1432977562
29 429 1465712352
9 429 1493060845
27 430 1324148989
25 430 1331580087
9 430 1430991668
9 430 1493060842
26 431 1323580105
26 431 1329654636
25 431 1335497049
29 431 1351107651
25 431 1387501984
9 431 1430991611
29 431 1465694798
31 431 1468007131
31 431 1469933032
37 431 1472787639
31 431 1474273076
31 431 1474966346
37 431 1480652933
37 431 1486877440
9 431 1493060843
27 432 1322860808
36 432 1334567494
29 432 1342576121
9 432 1343635842
29 432 1347493404
29 432 1369716612
29 432 1421214380
9 432 1430667210
9 432 1438596305
30 432 1440333730
9 432 1459605318
9 432 1493060858
27 433 1322857923
36 433 1332577703
29 433 1347232859
29 433 1350957670
29 433 1373467993
9 433 1387745438
9 433 1430277152
9 433 1432225486
108 433 1436701792
29 433 1438775935
30 433 1440332721
37 433 1479497763
9 433 1493060852
9 434 1493060815
26 435 1322896166
26 435 1328148510
29 435 1351166248
29 435 1367453441
29 435 1368674660
25 435 1386945241
9 435 1411513862
30 435 1419943017
9 435 1464321738
31 435 1468007042
37 435 1469207052
31 435 1469932963
37 435 1472842186
31 435 1474255929
37 435 1479491083
37 435 1486940628
9 435 1493060850
26 436 1324008565
9 436 1493060812
26 437 1322893823
27 437 1325323141
27 437 1326425531
29 437 1351151754
29 437 1363962470
29 437 1367444266
29 437 1373458303
29 437 1376565818
25 437 1386945316
9 437 1409229966
9 437 1410415718
30 437 1419941877
30 437 1440234009
9 437 1464299448
31 437 1468007089
37 437 1468527575
31 437 1472986296
31 437 1476147189
37 437 1479484010
37 437 1486923799
9 437 1493060848
26 438 1324053948
9 438 1493060816
26 439 1323141817
25 439 1323297271
25 439 1323318865
26 439 1342985651
28 439 1424178924
9 439 1430990628
31 439 1483019875
9 439 1493060804
26 440 1322831552
27 440 1325805843
29 440 1350577653
29 440 1367199297
29 440 1372188075
29 440 1376199805
9 440 1408568387
9 440 1410398735
30 440 1419941338
9 440 1441774953
9 440 1463629704
31 440 1468006564
37 440 1468526447
37 440 1479237118
37 440 1488074644
9 440 1493060822
26 441 1323051481
27 441 1326159165
26 441 1331393626
9 441 1343288492
9 441 1423914665
28 441 1424178897
9 441 1429380822
9 441 1430990684
29 441 1440025532
29 441 1462199388
9 441 1466540450
31 441 1468006772
9 441 1493060804
26 442 1322958654
25 442 1325464444
26 442 1328123691
9 442 1332768368
29 442 1348764201
29 442 1367617141
25 442 1387285522
9 442 1426956199
9 442 1430990463
9 442 1441812865
9 442 1447100860
9 442 1458169525
31 442 1468006544
37 442 1486446304
9 442 1493060825
20 443 1322941885
27 443 1326159115
26 443 1339511931
9 443 1350973038
20 443 1352125844
9 443 1381215731
25 443 1386515675
9 443 1406064119
30 443 1420018130
9 443 1423915329
28 443 1424179003
29 443 1440026609
29 443 1446100161
31 443 1468006762
9 443 1472549379
37 443 1489483615
9 443 1493060804
26 444 1323782665
36 444 1336062000
26 444 1343088587
30 444 1348160989
30 444 1378722028
9 444 1493060807
26 445 1324207541
9 445 1442434678
9 445 1493060844
26 446 1322944715
26 446 1331813050
29 446 1336473579
29 446 1343191225
29 446 1350582703
26 446 1360492228
9 446 1361300134
9 446 1368991388
29 446 1373556867
29 446 1375228266
9 446 1384005295
9 446 1397330950
9 446 1409582913
29 446 1420884217
9 446 1430483126
9 446 1439319188
37 446 1483736357
9 446 1493060854
27 447 1322982448
25 447 1335850999
29 447 1342708502
9 447 1343675194
29 447 1350593152
29 447 1356391683
29 447 1368197419
9 447 1368991240
29 447 1373561952
25 447 1386687581
31 447 1485354904
9 447 1493060855
26 448 1323229752
26 448 1331610714
36 448 1336848172
9 448 1340563006
9 448 1350374293
9 448 1350983876
9 448 1382360388
9 448 1406741861
29 448 1440149550
29 448 1446200990
9 448 1493060818
26 449 1322986146
26 449 1324353079
9 449 1334232862
29 449 1336601105
29 449 1348573538
109 449 1353731238
29 449 1374479263
9 449 1380710759
9 449 1410201194
29 449 1434354665
9 449 1439326352
30 449 1440362682
9 449 1441998873
37 449 1485708945
31 449 1490584746
9 449 1493060859
26 450 1322968313
29 450 1345177878
29 450 1356634841
28 450 1424179199
9 450 1430991718
30 450 1437907183
9 450 1439309770
31 450 1468007163
9 450 1493060839
26 451 1323416410
25 451 1328485625
26 451 1331530952
38 451 1346356676
9 451 1359544828
9 451 1381928891
9 451 1406488924
9 451 1410863829
9 451 1412631414
9 451 1424011495
29 451 1440107328
29 451 1467844282
9 451 1493060810
26 452 1322882562
36 452 1330775659
36 452 1332324170
29 452 1342859870
9 452 1343734457
26 452 1360020640
29 452 1363896177
29 452 1376101400
25 452 1386599342
25 452 1390349460
9 452 1409166473
9 452 1410734167
9 452 1413327234
29 452 1420257224
29 452 1440988180
9 452 1456784618
9 452 1458498587
29 452 1465685913
9 452 1493060841
26 453 1322881193
25 453 1333542932
29 453 1358939328
29 453 1364520599
25 453 1390528208
9 453 1409151246
9 453 1411446877
9 453 1413319458
28 453 1424179132
9 453 1427488427
29 453 1440972082
37 453 1486855797
9 453 1493060840
26 454 1322864671
26 454 1330109619
36 454 1332205610
29 454 1339213970
29 454 1358887987
29 454 1377133797
25 454 1386524028
9 454 1409062380
9 454 1413273157
9 454 1430046053
29 454 1440876304
9 454 1441999101
9 454 1458424546
31 454 1468007213
9 454 1493060834
26 455 1323262361
29 455 1335295289
38 455 1343662429
9 455 1360418265
29 455 1376321101
25 455 1386629641
9 455 1408890668
29 455 1419918587
9 455 1429829007
29 455 1438713007
29 455 1440770884
9 455 1458272882
9 455 1463981527
31 455 1468007234
37 455 1488184877
9 455 1493060832
25 456 1331580089
9 456 1493060853
26 457 1323163793
26 457 1331440179
26 457 1346287432
9 457 1350458371
26 457 1352403351
9 457 1355771097
30 457 1378130824
9 457 1381392648
9 457 1406309216
9 457 1412598579
9 457 1423934769
9 457 1463156457
31 457 1468006732
31 457 1473457476
9 457 1493060806
33 458 1323016790
33 459 1323047178
33 460 1323050798
96 461 1325968995
33 462 1326050047
82 463 1326330334
96 464 1328132197
33 465 1329081494
33 466 1329096520
78 467 1329314158
78 467 1329327166
9 467 1337723592
9 467 1424808459
78 468 1329327166
78 469 1329729239
96 470 1329747402
96 471 1329761393
75 472 1329834256
75 473 1329838628
75 473 1356638463
110 474 1330233843
33 474 1346640193
111 475 1330253665
33 475 1344220293
33 475 1344225814
78 476 1330671119
78 477 1330705419
112 478 1331070789
113 478 1473314145
33 479 1332041390
33 480 1333244831
33 481 1333420213
33 482 1333501044
33 482 1333583204
33 483 1333588124
33 484 1333906109
33 485 1333908209
96 486 1334114952
33 487 1334510726
70 488 1335652300
33 489 1336324291
33 490 1336326570
114 490 1446462672
33 491 1336328177
96 492 1338322810
115 493 1338438875
115 493 1338441830
115 493 1342491628
33 494 1338650605
33 495 1338656752
33 496 1338661534
33 497 1339380432
28 498 1340568467
9 498 1340608210
9 499 1340604487
9 499 1340609038
9 499 1340709007
9 499 1416954556
96 500 1340668814
33 501 1341260185
33 501 1344111176
33 502 1341262692
116 503 1344084649
33 504 1344112615
33 505 1344380872
117 506 1344659226
118 507 1345277584
119 508 1346363261
119 509 1346434663
36 509 1347174115
36 510 1346448860
33 511 1346628730
33 512 1346633941
33 513 1346638275
120 514 1351958930
107 514 1353470670
16 514 1405058330
8 515 1348936211
78 516 1351193125
78 517 1351241326
78 518 1351250829
78 519 1351250838
120 520 1351958929
106 521 1353575442
107 521 1364414857
33 522 1355092731
33 523 1355113770
121 524 1355256803
122 525 1355727913
123 525 1491316798
96 526 1359583650
96 527 1359583732
121 528 1359912569
33 529 1360031994
124 529 1417131907
124 529 1487253352
33 530 1360036208
105 531 1360564763
33 532 1361151107
33 533 1361156509
33 534 1364141259
33 535 1364143673
33 536 1364147604
33 537 1364174105
33 538 1364175889
114 538 1451505839
125 539 1366114082
96 540 1367177164
126 541 1367357148
114 541 1451502182
107 542 1368234247
127 543 1369584348
127 543 1380478274
33 543 1381707650
127 543 1384699354
127 543 1408421377
33 544 1370218850
128 545 1371463049
33 546 1372734908
33 547 1372821924
129 548 1375529565
130 549 1375727210
131 550 1376685340
131 551 1377992283
72 552 1379265460
72 553 1379265463
33 554 1379283825
33 555 1379303535
114 555 1451505839
33 556 1379465034
33 557 1379468592
33 558 1379561840
33 559 1379563329
33 560 1379564660
33 561 1379898397
33 562 1379899913
33 563 1380160651
33 564 1380164828
33 565 1380396933
33 566 1380398290
33 567 1380401862
132 567 1385796667
132 567 1388052799
132 567 1391248877
33 567 1408628364
133 567 1411918021
134 567 1411919456
33 567 1413775223
33 567 1438466813
33 568 1380408392
132 568 1385474711
132 568 1386743310
132 568 1391656002
132 568 1393935769
133 568 1411918022
134 568 1411919456
33 568 1414903196
33 569 1381684936
33 570 1381702429
127 570 1382879188
127 570 1382932954
127 571 1382862061
135 572 1382905909
136 573 1383039301
137 574 1383341033
138 575 1384699204
139 576 1384784693
107 577 1384786554
140 578 1385384070
141 579 1387293632
142 580 1388839321
142 580 1424689888
33 581 1390176179
143 581 1487203771
33 582 1390255108
33 583 1390266263
144 584 1390300322
81 585 1390929822
81 585 1390929935
81 585 1390929953
145 586 1392385653
145 587 1392392669
33 588 1393564690
33 589 1393571874
107 590 1394757308
146 591 1395185809
146 591 1395428055
146 591 1396579096
81 592 1395596354
147 593 1396563141
148 594 1396597255
57 595 1400531918
17 596 1401079271
17 597 1401084024
9 598 1411167135
37 598 1475514400
37 598 1484761729
9 598 1493060828
9 599 1408801766
9 599 1427633973
29 599 1438952863
30 599 1440363361
37 599 1475514381
37 599 1484761710
37 599 1487609847
9 599 1493060828
9 600 1409585858
9 600 1410429366
9 600 1439323231
30 600 1440363802
37 600 1483738113
31 600 1485347404
37 600 1487259218
9 600 1493060854
9 601 1409072143
9 601 1411405820
9 601 1413279996
9 601 1430060234
29 601 1440884161
9 601 1458432074
37 601 1485079679
9 601 1493060836
9 602 1409075381
9 602 1411407630
9 602 1413281872
28 602 1424179364
9 602 1430066401
9 602 1493060837
9 603 1409067137
9 603 1411402079
9 603 1413277197
9 603 1430054483
29 603 1440881172
29 603 1449138124
29 603 1450946337
37 603 1486784492
9 603 1493060835
9 604 1430991740
29 604 1435113159
29 604 1440921341
30 604 1441434527
31 604 1468007183
31 604 1474886081
9 604 1493060837
9 605 1409110170
28 605 1424179455
9 605 1439305609
30 605 1441434017
31 605 1468007173
31 605 1485059598
9 605 1493060838
9 606 1408299004
29 606 1433829861
9 606 1439298050
30 606 1440367627
9 606 1441745773
9 606 1463591112
29 606 1484546947
37 606 1486334055
9 606 1493060822
9 610 1493060839
83 612 1408317673
33 613 1408642580
149 613 1461691494
33 614 1409110980
33 615 1410626312
150 615 1447384207
33 616 1410712374
33 617 1411006770
150 617 1447384222
133 618 1411918021
48 618 1415714209
133 619 1411918022
48 619 1415714229
134 620 1411919456
134 621 1411919456
151 622 1413467970
151 622 1447338867
151 622 1447622270
151 623 1413467979
33 624 1416718539
80 624 1472040654
80 624 1472139068
33 625 1416725037
80 625 1472040654
80 625 1472139068
124 626 1417131907
124 627 1417131908
33 628 1417326806
152 629 1418032301
153 631 1418648725
28 632 1418716403
9 632 1418803290
9 632 1419717343
9 632 1420220482
9 632 1420408911
9 632 1421269195
9 632 1421701550
9 632 1422048483
9 632 1422478656
28 632 1424179496
9 632 1424200342
9 632 1427286478
9 632 1432567361
9 632 1442497189
9 632 1466596439
31 632 1476918766
9 632 1481616995
9 632 1499069632
33 633 1421020799
33 634 1421114007
33 635 1421117944
33 636 1421121881
33 636 1423376388
118 636 1424432174
80 637 1422983239
80 638 1422983240
33 639 1423371899
33 640 1423378544
118 640 1424432175
33 641 1423709693
33 642 1423942476
28 643 1424178465
28 644 1424178658
9 644 1424179849
28 644 1424179874
9 644 1424200566
9 644 1432567178
9 644 1440580442
9 644 1466595667
9 644 1499069631
28 645 1424178706
9 645 1424179881
9 645 1424200554
9 645 1424282380
9 645 1425141349
9 645 1425333046
9 645 1427288122
9 645 1432567378
9 645 1442496822
9 645 1448613925
9 645 1468226789
9 645 1470050929
9 645 1476103449
9 645 1499069619
28 646 1424178937
9 646 1424179887
9 646 1424200358
9 646 1429700879
9 646 1432567372
9 646 1445863823
9 646 1466596149
31 646 1476919688
9 646 1491897807
9 646 1491991038
9 646 1499069623
28 647 1424178991
9 647 1424179898
9 647 1424200542
9 647 1424283644
9 647 1425332704
9 647 1427478934
9 647 1428955830
9 647 1432567368
9 647 1435348927
9 647 1442497132
9 647 1468228949
9 647 1470054738
9 647 1476103573
9 647 1492601118
9 647 1492897198
9 647 1499069626
28 648 1424179143
9 648 1424200546
9 648 1425144046
9 648 1427229467
9 648 1428955716
9 648 1431504147
9 648 1432567370
9 648 1443645725
9 648 1457384737
9 648 1466596055
9 648 1470054901
9 648 1470661785
9 648 1476218327
9 648 1499069624
28 649 1424179207
28 650 1424179231
9 650 1430182573
9 650 1458503761
9 650 1464246983
37 650 1468527663
37 650 1476017712
9 650 1493060842
28 651 1424179245
9 651 1424179931
9 651 1424200538
9 651 1424282151
9 651 1424785417
9 651 1425332868
9 651 1425582261
9 651 1426152866
9 651 1427719151
9 651 1428396761
9 651 1429093597
9 651 1432567363
9 651 1434969007
9 651 1437641906
9 651 1439814799
9 651 1442496688
9 651 1452873071
9 651 1466596588
154 651 1498446810
28 652 1424179424
9 652 1424179937
9 652 1424200550
9 652 1426151780
9 652 1427797034
9 652 1427907455
9 652 1432567374
9 652 1446627985
31 652 1476918832
9 652 1499069622
28 653 1424179516
9 653 1424200354
9 653 1427478514
9 653 1431712668
9 653 1432567376
9 653 1433313745
9 653 1439814475
9 653 1446669076
9 653 1450822811
9 653 1466596399
9 653 1466601273
9 653 1468593123
9 653 1470646023
9 653 1474460088
9 653 1478299398
9 653 1499069621
28 654 1424179898
9 654 1424200562
9 654 1425767666
9 654 1427971549
9 654 1428421254
9 654 1432933073
9 654 1435733045
9 654 1437484186
9 654 1446155055
9 654 1466596626
9 654 1476178540
9 654 1499069618
28 655 1424181871
155 656 1424200856
33 657 1424394735
80 657 1438202274
118 658 1424432174
118 659 1424432175
33 660 1424584431
80 660 1438202271
33 661 1424586500
48 661 1438218850
156 662 1425848671
28 663 1426163853
9 663 1426166133
9 663 1426511039
9 663 1426596074
9 663 1426680994
9 663 1426865613
9 663 1427145260
9 663 1427389673
9 663 1427795950
9 663 1427923523
9 663 1428486460
9 663 1429008442
9 663 1429261995
9 663 1430393767
9 663 1431684342
9 663 1432202420
9 663 1432567329
9 663 1432932591
9 663 1433533810
9 663 1434046695
9 663 1435308611
9 663 1438239439
9 663 1439287979
9 663 1440401684
9 663 1440678622
9 663 1442498273
9 663 1443175944
9 663 1443645882
9 663 1446148507
9 663 1446155412
9 663 1449223491
9 663 1450360990
9 663 1466596668
9 663 1466773277
9 663 1467230352
9 663 1467320847
9 663 1468186698
9 663 1468238581
9 663 1468571529
9 663 1472803961
9 663 1473164687
9 663 1479885734
9 663 1492895784
9 663 1499069616
28 664 1426163868
9 664 1426167078
9 664 1426508464
9 664 1426590397
9 664 1426677095
9 664 1426677177
9 664 1426858645
9 664 1427134726
9 664 1427288621
9 664 1427464703
9 664 1427886513
9 664 1427991004
9 664 1428571149
9 664 1429089177
9 664 1429733385
9 664 1431550897
9 664 1431977440
9 664 1432567333
9 664 1432932346
9 664 1433534147
9 664 1434441646
9 664 1436940759
9 664 1438764414
9 664 1440162446
9 664 1440678413
9 664 1442498531
9 664 1443645979
9 664 1446148209
9 664 1449234765
9 664 1450361495
9 664 1466596697
9 664 1479207569
9 664 1491915457
9 664 1499069609
28 665 1426163883
9 665 1426167320
9 665 1426512417
9 665 1426595866
9 665 1427147353
9 665 1427389782
28 665 1427464538
9 665 1427799080
9 665 1427954520
9 665 1428484947
9 665 1428486603
9 665 1428921583
9 665 1429262634
9 665 1430910264
9 665 1431948066
9 665 1432567331
9 665 1432932473
9 665 1433533928
9 665 1434046819
9 665 1435668650
9 665 1438592775
9 665 1439973791
9 665 1440495256
9 665 1442222404
9 665 1442498400
9 665 1442567372
9 665 1443646050
9 665 1446148291
9 665 1446155708
9 665 1449129585
9 665 1450219175
9 665 1450635146
9 665 1467981763
9 665 1468219307
9 665 1468321185
9 665 1470055664
9 665 1470649268
9 665 1479211721
9 665 1479979396
9 665 1499069614
28 666 1426163892
9 666 1426167809
9 666 1426508397
9 666 1426596019
9 666 1426686029
9 666 1427297927
9 666 1427718043
9 666 1427893679
9 666 1427991832
9 666 1428505145
9 666 1429092465
9 666 1429733543
9 666 1431638247
9 666 1432557886
9 666 1433326974
9 666 1433941880
9 666 1434973793
9 666 1438592850
9 666 1439973920
9 666 1440678215
9 666 1441698711
9 666 1442497772
9 666 1443646133
9 666 1446155525
9 666 1450218554
9 666 1450634876
9 666 1467098399
9 666 1468322316
9 666 1468585813
9 666 1470685783
9 666 1474055643
9 666 1479211565
9 666 1499069617
33 667 1426643977
57 668 1426840411
5 668 1429232979
57 668 1429245751
57 669 1426840411
57 670 1426840411
5 670 1429232979
57 670 1429245752
57 671 1426840412
57 672 1426840412
5 672 1429232979
57 672 1429245753
57 673 1426840412
5 673 1429232979
57 673 1429245754
57 674 1426840412
5 674 1429232979
57 674 1429245754
57 675 1426840412
5 675 1429232979
57 675 1429245754
82 676 1429212175
80 677 1438202271
80 678 1438202274
157 679 1438645149
63 680 1440442462
63 680 1442667623
17 681 1440631851
17 681 1442652541
158 682 1442654697
158 682 1442664630
157 683 1443816832
157 684 1443816832
157 685 1443816832
157 686 1443816832
157 687 1443816833
157 688 1443816833
157 689 1443816833
114 690 1446462672
114 691 1451502182
114 692 1451505839
114 693 1451505839
159 694 1456862618
159 694 1456862636
31 694 1468006672
9 694 1493060809
149 695 1461695636
114 696 1462383684
80 697 1472139068
80 698 1472139068
113 699 1473314145
10 700 1486377954
9 700 1493060803
10 701 1486379906
10 701 1486380955
9 701 1493060803
10 702 1486384548
10 702 1486385137
10 703 1486463496
10 703 1486463978
10 704 1486464528
10 705 1486464903
10 706 1486465234
10 707 1486465656
10 708 1486466595
10 709 1486467431
10 710 1486468016
9 710 1493060810
10 711 1487144303
10 711 1487144490
9 711 1493060831
10 712 1487145336
10 712 1487145784
9 712 1493060832
10 713 1487146479
9 713 1493060839
10 714 1487147287
9 714 1493060844
10 715 1487147563
9 715 1493060856
10 716 1487147808
9 716 1493060834
10 717 1487148138
9 717 1493060856
10 718 1487148489
9 718 1493060809
143 719 1487203771
124 720 1487253352
160 721 1492212220
102 722 1497570538
